整体刚度矩阵：
[[  1.28645833e+05   2.32810459e-12   3.12500000e+03  -1.25000000e+05
    0.00000000e+00   0.00000000e+00  -2.81250000e+03  -1.35859254e-12
    5.62500000e+03   0.00000000e+00   0.00000000e+00   0.00000000e+00]
 [  2.32810459e-12   4.19010417e+04   9.37500000e+02   0.00000000e+00
   -2.34375000e+02   9.37500000e+02  -1.35859254e-12  -2.50000000e+04
   -3.44431912e-13   0.00000000e+00   0.00000000e+00   0.00000000e+00]
 [  3.12500000e+03   9.37500000e+02   3.00000000e+04   0.00000000e+00
   -9.37500000e+02   2.50000000e+03  -5.62500000e+03   3.44431912e-13
    7.50000000e+03   0.00000000e+00   0.00000000e+00   0.00000000e+00]
 [ -1.25000000e+05   0.00000000e+00   0.00000000e+00   1.28645833e+05
    2.32810459e-12   3.12500000e+03   0.00000000e+00   0.00000000e+00
    0.00000000e+00  -2.81250000e+03  -1.35859254e-12   5.62500000e+03]
 [  0.00000000e+00  -2.34375000e+02  -9.37500000e+02   2.32810459e-12
    4.19010417e+04  -9.37500000e+02   0.00000000e+00   0.00000000e+00
    0.00000000e+00  -1.35859254e-12  -2.50000000e+04  -3.44431912e-13]
 [  0.00000000e+00   9.37500000e+02   2.50000000e+03   3.12500000e+03
   -9.37500000e+02   3.00000000e+04   0.00000000e+00   0.00000000e+00
    0.00000000e+00  -5.62500000e+03   3.44431912e-13   7.50000000e+03]
 [ -2.81250000e+03  -1.35859254e-12  -5.62500000e+03   0.00000000e+00
    0.00000000e+00   0.00000000e+00   1.27812500e+05   1.35859254e-12
   -5.62500000e+03  -1.25000000e+05   0.00000000e+00   0.00000000e+00]
 [ -1.35859254e-12  -2.50000000e+04   3.44431912e-13   0.00000000e+00
    0.00000000e+00   0.00000000e+00   1.35859254e-12   2.52343750e+04
    9.37500000e+02   0.00000000e+00  -2.34375000e+02   9.37500000e+02]
 [  5.62500000e+03  -3.44431912e-13   7.50000000e+03   0.00000000e+00
    0.00000000e+00   0.00000000e+00  -5.62500000e+03   9.37500000e+02
    2.00000000e+04   0.00000000e+00  -9.37500000e+02   2.50000000e+03]
 [  0.00000000e+00   0.00000000e+00   0.00000000e+00  -2.81250000e+03
   -1.35859254e-12  -5.62500000e+03  -1.25000000e+05   0.00000000e+00
    0.00000000e+00   1.27812500e+05   1.35859254e-12  -5.62500000e+03]
 [  0.00000000e+00   0.00000000e+00   0.00000000e+00  -1.35859254e-12
   -2.50000000e+04   3.44431912e-13   0.00000000e+00  -2.34375000e+02
   -9.37500000e+02   1.35859254e-12   2.52343750e+04  -9.37500000e+02]
 [  0.00000000e+00   0.00000000e+00   0.00000000e+00   5.62500000e+03
   -3.44431912e-13   7.50000000e+03   0.00000000e+00   9.37500000e+02
    2.50000000e+03  -5.62500000e+03  -9.37500000e+02   2.00000000e+04]]
结点位移：
[ 0.04560517  0.0014698   0.00922394  0.04556216  0.0039302   0.00516517
  0.07247025  0.00136618  0.00415168  0.07231281  0.00443382  0.00471151]
单元编号：1
整体坐标系下单元1刚度矩阵：
[[  8.33333333e+02   9.69512049e-13  -2.50000000e+03  -8.33333333e+02
   -9.69512049e-13  -2.50000000e+03]
 [  9.69512049e-13   1.66666667e+04   1.53080850e-13  -9.69512049e-13
   -1.66666667e+04   1.53080850e-13]
 [ -2.50000000e+03   1.53080850e-13   1.00000000e+04   2.50000000e+03
   -1.53080850e-13   5.00000000e+03]
 [ -8.33333333e+02  -9.69512049e-13   2.50000000e+03   8.33333333e+02
    9.69512049e-13   2.50000000e+03]
 [ -9.69512049e-13  -1.66666667e+04  -1.53080850e-13   9.69512049e-13
    1.66666667e+04  -1.53080850e-13]
 [ -2.50000000e+03   1.53080850e-13   5.00000000e+03   2.50000000e+03
   -1.53080850e-13   1.00000000e+04]]
局部坐标系下单元1杆端内力：
[24.497, -14.944, -21.774, -24.497, 14.944, -67.893]
局部坐标系下单元1结点位移分量：
[ 0.0014698  -0.04560517  0.00922394  0.          0.          0.        ]
整体坐标系下单元1结点位移分量：
[ 0.04560517  0.0014698   0.00922394  0.          0.          0.        ]

单元编号：2
整体坐标系下单元2刚度矩阵：
[[ 125000.          0.          0.    -125000.          0.          0.   ]
 [      0.        234.375     937.5         0.       -234.375     937.5  ]
 [      0.        937.5      5000.          0.       -937.5      2500.   ]
 [-125000.          0.          0.     125000.          0.          0.   ]
 [      0.       -234.375    -937.5         0.        234.375    -937.5  ]
 [      0.        937.5      2500.          0.       -937.5      5000.   ]]
局部坐标系下单元2杆端内力：
[5.376, -27.087, 3.393, -5.376, -52.913, 99.912]
局部坐标系下单元2结点位移分量：
[ 0.04560517  0.0014698   0.00922394  0.04556216  0.0039302   0.00516517]
整体坐标系下单元2结点位移分量：
[ 0.04560517  0.0014698   0.00922394  0.04556216  0.0039302   0.00516517]

单元编号：3
整体坐标系下单元3刚度矩阵：
[[  8.33333333e+02   9.69512049e-13  -2.50000000e+03  -8.33333333e+02
   -9.69512049e-13  -2.50000000e+03]
 [  9.69512049e-13   1.66666667e+04   1.53080850e-13  -9.69512049e-13
   -1.66666667e+04   1.53080850e-13]
 [ -2.50000000e+03   1.53080850e-13   1.00000000e+04   2.50000000e+03
   -1.53080850e-13   5.00000000e+03]
 [ -8.33333333e+02  -9.69512049e-13   2.50000000e+03   8.33333333e+02
    9.69512049e-13   2.50000000e+03]
 [ -9.69512049e-13  -1.66666667e+04  -1.53080850e-13   9.69512049e-13
    1.66666667e+04  -1.53080850e-13]
 [ -2.50000000e+03   1.53080850e-13   5.00000000e+03   2.50000000e+03
   -1.53080850e-13   1.00000000e+04]]
局部坐标系下单元3杆端内力：
[65.503, -25.056, -62.254, -65.503, 25.056, -88.08]
局部坐标系下单元3结点位移分量：
[ 0.0039302  -0.04556216  0.00516517  0.          0.          0.        ]
整体坐标系下单元3结点位移分量：
[ 0.04556216  0.0039302   0.00516517  0.          0.          0.        ]

单元编号：4
整体坐标系下单元4刚度矩阵：
[[  2.81250000e+03   1.35859254e-12  -5.62500000e+03  -2.81250000e+03
   -1.35859254e-12  -5.62500000e+03]
 [  1.35859254e-12   2.50000000e+04   3.44431912e-13  -1.35859254e-12
   -2.50000000e+04   3.44431912e-13]
 [ -5.62500000e+03   3.44431912e-13   1.50000000e+04   5.62500000e+03
   -3.44431912e-13   7.50000000e+03]
 [ -2.81250000e+03  -1.35859254e-12   5.62500000e+03   2.81250000e+03
    1.35859254e-12   5.62500000e+03]
 [ -1.35859254e-12  -2.50000000e+04  -3.44431912e-13   1.35859254e-12
    2.50000000e+04  -3.44431912e-13]
 [ -5.62500000e+03   3.44431912e-13   7.50000000e+03   5.62500000e+03
   -3.44431912e-13   1.50000000e+04]]
局部坐标系下单元4杆端内力：
[-2.59, -0.32, -19.661, 2.59, 0.32, 18.381]
局部坐标系下单元4结点位移分量：
[ 0.00136618 -0.07247025  0.00415168  0.0014698  -0.04560517  0.00922394]
整体坐标系下单元4结点位移分量：
[ 0.07247025  0.00136618  0.00415168  0.04560517  0.0014698   0.00922394]

单元编号：5
整体坐标系下单元5刚度矩阵：
[[ 125000.          0.          0.    -125000.          0.          0.   ]
 [      0.        234.375     937.5         0.       -234.375     937.5  ]
 [      0.        937.5      5000.          0.       -937.5      2500.   ]
 [-125000.          0.          0.     125000.          0.          0.   ]
 [      0.       -234.375    -937.5         0.        234.375    -937.5  ]
 [      0.        937.5      2500.          0.       -937.5      5000.   ]]
局部坐标系下单元5杆端内力：
[19.68, 2.59, 19.661, -19.68, -12.59, 41.061]
局部坐标系下单元5结点位移分量：
[ 0.07247025  0.00136618  0.00415168  0.07231281  0.00443382  0.00471151]
整体坐标系下单元5结点位移分量：
[ 0.07247025  0.00136618  0.00415168  0.07231281  0.00443382  0.00471151]

单元编号：6
整体坐标系下单元6刚度矩阵：
[[  2.81250000e+03   1.35859254e-12  -5.62500000e+03  -2.81250000e+03
   -1.35859254e-12  -5.62500000e+03]
 [  1.35859254e-12   2.50000000e+04   3.44431912e-13  -1.35859254e-12
   -2.50000000e+04   3.44431912e-13]
 [ -5.62500000e+03   3.44431912e-13   1.50000000e+04   5.62500000e+03
   -3.44431912e-13   7.50000000e+03]
 [ -2.81250000e+03  -1.35859254e-12   5.62500000e+03   2.81250000e+03
    1.35859254e-12   5.62500000e+03]
 [ -1.35859254e-12  -2.50000000e+04  -3.44431912e-13   1.35859254e-12
    2.50000000e+04  -3.44431912e-13]
 [ -5.62500000e+03   3.44431912e-13   7.50000000e+03   5.62500000e+03
   -3.44431912e-13   1.50000000e+04]]
局部坐标系下单元6杆端内力：
[12.59, -19.68, -41.061, -12.59, 19.68, -37.658]
局部坐标系下单元6结点位移分量：
[ 0.00443382 -0.07231281  0.00471151  0.0039302  -0.04556216  0.00516517]
整体坐标系下单元6结点位移分量：
[ 0.07231281  0.00443382  0.00471151  0.04556216  0.0039302   0.00516517]

